######## node nn/throw-audit/park-monotone.js 1 0 -1 1 0.1 200
box +-0.1u, +-0.248 deg, 200 poses, arm (0,-1), foot 1, 138 substeps, rim 67.167
centre thrown at substep 84

MONOTONE IN THE SUBSTEP: yes, for every pose over the whole sweep
first push over the box: substep 10; every pose thrown by substep 85

  k    deg    gain: min       max      |  radius: min      max     spread  |  regimes  thrown
   10   3.33   0.000000  0.005803  |   63.835   64.207   0.1732  |    2      0/200
   11   3.67   0.000000  0.007493  |   63.835   64.207   0.1732  |    2      0/200
   12   4.00   0.000000  0.007920  |   63.838   64.207   0.1737  |    2      0/200
   13   4.33   0.000000  0.008227  |   63.847   64.213   0.1736  |    2      0/200
   14   4.67   0.000000  0.008540  |   63.855   64.221   0.1735  |    2      0/200
   15   5.00   0.003019  0.008857  |   63.864   64.230   0.1735  |    1      0/200
   16   5.33   0.008755  0.009176  |   63.873   64.239   0.1734  |    1      0/200
   17   5.67   0.009072  0.009499  |   63.882   64.248   0.1734  |    1      0/200
   18   6.00   0.009392  0.009826  |   63.892   64.257   0.1733  |    1      0/200
   19   6.33   0.009716  0.010156  |   63.902   64.267   0.1732  |    1      0/200
   20   6.67   0.010043  0.010490  |   63.912   64.277   0.1732  |    1      0/200
   21   7.00   0.010373  0.010827  |   63.923   64.288   0.1731  |    1      0/200
   22   7.33   0.010708  0.011168  |   63.934   64.298   0.1730  |    1      0/200
   23   7.67   0.011045  0.011512  |   63.946   64.310   0.1730  |    1      0/200
   24   8.00   0.011387  0.011860  |   63.957   64.321   0.1729  |    1      0/200
   25   8.33   0.011731  0.012212  |   63.970   64.333   0.1728  |    1      0/200
   26   8.67   0.012080  0.012567  |   63.982   64.345   0.1728  |    1      0/200
   27   9.00   0.012432  0.012926  |   63.995   64.358   0.1727  |    1      0/200
   28   9.33   0.012787  0.013289  |   64.008   64.370   0.1727  |    1      0/200
   29   9.67   0.013147  0.015834  |   64.024   64.384   0.1726  |    1      0/200
   30  10.00   0.013510  0.032601  |   64.056   64.397   0.1725  |    1      0/200
   31  10.33   0.013876  0.033357  |   64.090   64.411   0.1725  |    1      0/200
   32  10.67   0.014247  0.033918  |   64.123   64.426   0.1619  |    1      0/200
   33  11.00   0.014663  0.034490  |   64.158   64.440   0.1621  |    1      0/200
   34  11.33   0.017598  0.035066  |   64.193   64.458   0.1624  |    1      0/200
   35  11.67   0.034823  0.035647  |   64.228   64.493   0.1627  |    1      0/200
   36  12.00   0.035400  0.036232  |   64.264   64.529   0.1629  |    1      0/200
   37  12.33   0.035982  0.036822  |   64.301   64.565   0.1632  |    1      0/200
   38  12.67   0.036568  0.037415  |   64.338   64.602   0.1635  |    1      0/200
   39  13.00   0.037158  0.038014  |   64.376   64.639   0.1638  |    1      0/200
   40  13.33   0.037752  0.038616  |   64.414   64.677   0.1640  |    1      0/200
   41  13.67   0.038351  0.039223  |   64.453   64.715   0.1643  |    1      0/200
   42  14.00   0.038954  0.039834  |   64.493   64.754   0.1646  |    1      0/200
   43  14.33   0.039561  0.040449  |   64.533   64.794   0.1649  |    1      0/200
   44  14.67   0.040173  0.041068  |   64.574   64.835   0.1652  |    1      0/200
   45  15.00   0.040789  0.041692  |   64.615   64.876   0.1655  |    1      0/200
   46  15.33   0.041409  0.042320  |   64.658   64.917   0.1658  |    1      0/200
   47  15.67   0.042033  0.042952  |   64.700   64.959   0.1660  |    1      0/200
   48  16.00   0.042661  0.043588  |   64.744   65.002   0.1663  |    1      0/200
   49  16.33   0.043294  0.044229  |   64.788   65.046   0.1666  |    1      0/200
   50  16.67   0.043931  0.044873  |   64.832   65.090   0.1669  |    1      0/200
   51  17.00   0.044571  0.045522  |   64.878   65.135   0.1672  |    1      0/200
   52  17.33   0.045216  0.046175  |   64.924   65.180   0.1675  |    1      0/200
   53  17.67   0.045865  0.046832  |   64.970   65.226   0.1679  |    1      0/200
   54  18.00   0.046519  0.047493  |   65.018   65.273   0.1682  |    1      0/200
   55  18.33   0.047176  0.048158  |   65.066   65.320   0.1685  |    1      0/200
   56  18.67   0.047837  0.048827  |   65.114   65.368   0.1688  |    1      0/200
   57  19.00   0.048502  0.049500  |   65.164   65.417   0.1691  |    1      0/200
   58  19.33   0.049171  0.050177  |   65.214   65.466   0.1694  |    1      0/200
   59  19.67   0.049845  0.050858  |   65.264   65.516   0.1697  |    1      0/200
   60  20.00   0.050522  0.051543  |   65.316   65.567   0.1701  |    1      0/200
   61  20.33   0.051203  0.052232  |   65.368   65.618   0.1704  |    1      0/200
   62  20.67   0.051888  0.052924  |   65.420   65.670   0.1707  |    1      0/200
   63  21.00   0.052576  0.053621  |   65.474   65.723   0.1710  |    1      0/200
   64  21.33   0.053269  0.054321  |   65.528   65.777   0.1714  |    1      0/200
   65  21.67   0.053965  0.055025  |   65.583   65.831   0.1717  |    1      0/200
   66  22.00   0.054665  0.055733  |   65.638   65.886   0.1720  |    1      0/200
   67  22.33   0.055369  0.056445  |   65.694   65.941   0.1724  |    1      0/200
   68  22.67   0.056077  0.057160  |   65.751   65.997   0.1727  |    1      0/200
   69  23.00   0.056788  0.057879  |   65.809   66.054   0.1731  |    1      0/200
   70  23.33   0.057503  0.058601  |   65.868   66.112   0.1734  |    1      0/200
   71  23.67   0.058222  0.086772  |   65.954   66.170   0.1737  |    1      0/200
   72  24.00   0.058944  0.087980  |   66.042   66.230   0.1741  |    1      0/200
   73  24.33   0.059669  0.088670  |   66.130   66.289   0.1745  |    1      0/200
   74  24.67   0.060467  0.089239  |   66.219   66.350   0.1749  |    1      0/200
   75  25.00   0.082379  0.089628  |   66.307   66.433   0.1753  |    1      0/200
   76  25.33   0.089090  0.089986  |   66.396   66.523   0.1758  |    1      0/200
   77  25.67   0.089409  0.090301  |   66.486   66.613   0.1762  |    1      0/200
   78  26.00   0.089718  0.090640  |   66.576   66.703   0.1766  |    1      0/200
   79  26.33   0.090016  0.090971  |   66.666   66.794   0.1771  |    1      0/200
   80  26.67   0.090303  0.091299  |   66.756   66.886   0.1775  |    1      0/200
   81  27.00   0.090579  0.091619  |   66.846   66.977   0.1779  |    1      0/200
   82  27.33   0.090841  0.091930  |   66.937   67.069   0.1784  |    1      0/200
   83  27.67   0.091090  0.092231  |   67.028   67.162   0.1788  |    1      0/200
   84  28.00   0.091326  0.092522  |   67.120   67.254   0.1793  |    1      156/200
   85  28.33   0.091546  0.092803  |   67.211   67.347   0.1797  |    1      200/200
   86  28.67   0.091750  0.093073  |   67.303   67.440   0.1802  |    1      200/200
   87  29.00   0.091937  0.093332  |   67.395   67.533   0.1806  |    1      200/200
   88  29.33   0.092105  0.093578  |   67.487   67.627   0.1811  |    1      200/200
   89  29.67   0.092254  0.093812  |   67.579   67.721   0.1816  |    1      200/200
   90  30.00   0.092381  0.094032  |   67.672   67.815   0.1820  |    1      200/200
   91  30.33   0.092486  0.094238  |   67.764   67.909   0.1825  |    1      200/200
   92  30.67   0.092565  0.094428  |   67.857   68.003   0.1830  |    1      200/200
   93  31.00   0.092617  0.094602  |   67.949   68.098   0.1835  |    1      200/200
   94  31.33   0.092639  0.094759  |   68.042   68.193   0.1839  |    1      200/200
   95  31.67   0.092629  0.094897  |   68.135   68.288   0.1844  |    1      200/200
   96  32.00   0.092582  0.095016  |   68.227   68.383   0.1849  |    1      200/200
   97  32.33   0.091956  0.095112  |   68.319   68.478   0.1854  |    1      200/200
   98  32.67   0.092443  0.095185  |   68.412   68.573   0.1859  |    1      200/200
   99  33.00   0.092779  0.116731  |   68.505   68.680   0.1864  |    1      200/200
  100  33.33   0.093214  0.125698  |   68.599   68.793   0.1811  |    1      200/200
  101  33.67   0.085802  0.123905  |   68.722   68.888   0.1752  |    1      200/200
  102  34.00   0.086911  0.117012  |   68.810   68.995   0.1702  |    1      200/200
  103  34.33   0.078783  0.116416  |   68.927   69.080   0.1656  |    1      200/200
  104  34.67   0.083110  0.111192  |   69.011   69.184   0.1615  |    1      200/200
  105  35.00   0.075716  0.111289  |   69.123   69.265   0.1578  |    1      200/200

H3 (radial gain bounded below over the box, CONTACT substeps only): min gain 0.003019u at substep 15 -- POSITIVE throughout
H4 (box invariance), first contact 10 to the throw 85: pose spread about the centre 0.1732u -> 0.1797u -- the true dynamics EXPAND by 1.038x
every pose thrown: 200/200; latest throw substep 85

######## node nn/throw-audit/park-monotone.js 1 0 -1 1 0.25 200
box +-0.25u, +-0.620 deg, 200 poses, arm (0,-1), foot 1, 138 substeps, rim 67.167
centre thrown at substep 84

MONOTONE IN THE SUBSTEP: yes, for every pose over the whole sweep
first push over the box: substep 6; every pose thrown by substep 86

  k    deg    gain: min       max      |  radius: min      max     spread  |  regimes  thrown
    6   2.00   0.000000  0.008312  |   63.556   64.486   0.4330  |    2      0/200
    7   2.33   0.000000  0.007749  |   63.556   64.486   0.4330  |    2      0/200
    8   2.67   0.000000  0.006905  |   63.556   64.486   0.4330  |    2      0/200
    9   3.00   0.000000  0.007005  |   63.556   64.486   0.4330  |    2      0/200
   10   3.33   0.000000  0.008014  |   63.556   64.486   0.4330  |    2      0/200
   11   3.67   0.000000  0.007912  |   63.556   64.486   0.4330  |    2      0/200
   12   4.00   0.000000  0.008223  |   63.563   64.486   0.4340  |    2      0/200
   13   4.33   0.000000  0.008537  |   63.571   64.487   0.4342  |    2      0/200
   14   4.67   0.000000  0.008855  |   63.580   64.495   0.4340  |    2      0/200
   15   5.00   0.000000  0.009176  |   63.589   64.504   0.4339  |    2      0/200
   16   5.33   0.000000  0.009500  |   63.598   64.512   0.4337  |    2      0/200
   17   5.67   0.000000  0.009828  |   63.608   64.521   0.4336  |    2      0/200
   18   6.00   0.000000  0.010160  |   63.617   64.531   0.4334  |    2      0/200
   19   6.33   0.003976  0.010495  |   63.628   64.540   0.4333  |    1      0/200
   20   6.67   0.009716  0.010834  |   63.638   64.550   0.4331  |    1      0/200
   21   7.00   0.010041  0.011176  |   63.649   64.561   0.4330  |    1      0/200
   22   7.33   0.010371  0.011522  |   63.660   64.571   0.4328  |    1      0/200
   23   7.67   0.010703  0.011871  |   63.672   64.582   0.4327  |    1      0/200
   24   8.00   0.011040  0.012224  |   63.684   64.593   0.4325  |    1      0/200
   25   8.33   0.011379  0.013166  |   63.697   64.605   0.4324  |    1      0/200
   26   8.67   0.011723  0.030665  |   63.728   64.617   0.4322  |    1      0/200
   27   9.00   0.012070  0.031209  |   63.759   64.629   0.4321  |    1      0/200
   28   9.33   0.012420  0.032005  |   63.791   64.642   0.4319  |    1      0/200
   29   9.67   0.012775  0.032835  |   63.823   64.655   0.4318  |    1      0/200
   30  10.00   0.013132  0.033393  |   63.856   64.668   0.4316  |    1      0/200
   31  10.33   0.013494  0.033963  |   63.890   64.682   0.4315  |    1      0/200
   32  10.67   0.013859  0.034537  |   63.924   64.696   0.4171  |    1      0/200
   33  11.00   0.014228  0.035115  |   63.958   64.710   0.4064  |    1      0/200
   34  11.33   0.014601  0.035697  |   63.993   64.725   0.4071  |    1      0/200
   35  11.67   0.015077  0.036284  |   64.029   64.740   0.4078  |    1      0/200
   36  12.00   0.015553  0.036876  |   64.066   64.756   0.4084  |    1      0/200
   37  12.33   0.015934  0.037471  |   64.103   64.772   0.4091  |    1      0/200
   38  12.67   0.033966  0.038071  |   64.140   64.806   0.4098  |    1      0/200
   39  13.00   0.036521  0.038675  |   64.178   64.843   0.4105  |    1      0/200
   40  13.33   0.037110  0.039284  |   64.217   64.880   0.4112  |    1      0/200
   41  13.67   0.037702  0.039897  |   64.256   64.918   0.4119  |    1      0/200
   42  14.00   0.038299  0.040514  |   64.296   64.957   0.4126  |    1      0/200
   43  14.33   0.038901  0.041135  |   64.337   64.996   0.4133  |    1      0/200
   44  14.67   0.039506  0.041761  |   64.378   65.036   0.4140  |    1      0/200
   45  15.00   0.040116  0.042391  |   64.420   65.077   0.4147  |    1      0/200
   46  15.33   0.040730  0.043025  |   64.463   65.118   0.4155  |    1      0/200
   47  15.67   0.041348  0.043663  |   64.506   65.160   0.4162  |    1      0/200
   48  16.00   0.041970  0.044305  |   64.550   65.202   0.4169  |    1      0/200
   49  16.33   0.042597  0.044952  |   64.594   65.245   0.4177  |    1      0/200
   50  16.67   0.043228  0.045603  |   64.639   65.289   0.4184  |    1      0/200
   51  17.00   0.043863  0.046257  |   64.685   65.333   0.4192  |    1      0/200
   52  17.33   0.044502  0.046916  |   64.731   65.378   0.4200  |    1      0/200
   53  17.67   0.045145  0.047579  |   64.778   65.424   0.4207  |    1      0/200
   54  18.00   0.045792  0.048246  |   64.826   65.470   0.4215  |    1      0/200
   55  18.33   0.046443  0.048917  |   64.874   65.517   0.4223  |    1      0/200
   56  18.67   0.047098  0.049593  |   64.924   65.565   0.4230  |    1      0/200
   57  19.00   0.047758  0.050272  |   64.973   65.613   0.4238  |    1      0/200
   58  19.33   0.048421  0.050955  |   65.024   65.662   0.4246  |    1      0/200
   59  19.67   0.049088  0.051642  |   65.075   65.711   0.4254  |    1      0/200
   60  20.00   0.049759  0.052333  |   65.127   65.761   0.4262  |    1      0/200
   61  20.33   0.050435  0.053027  |   65.179   65.812   0.4270  |    1      0/200
   62  20.67   0.051114  0.053726  |   65.232   65.864   0.4279  |    1      0/200
   63  21.00   0.051797  0.054428  |   65.286   65.916   0.4287  |    1      0/200
   64  21.33   0.052483  0.055135  |   65.341   65.969   0.4295  |    1      0/200
   65  21.67   0.053174  0.055844  |   65.396   66.022   0.4303  |    1      0/200
   66  22.00   0.053868  0.056558  |   65.452   66.077   0.4312  |    1      0/200
   67  22.33   0.054566  0.060142  |   65.512   66.132   0.4320  |    1      0/200
   68  22.67   0.055268  0.085424  |   65.598   66.187   0.4329  |    1      0/200
   69  23.00   0.055974  0.086333  |   65.684   66.244   0.4337  |    1      0/200
   70  23.33   0.056683  0.087387  |   65.770   66.301   0.4346  |    1      0/200
   71  23.67   0.057396  0.087938  |   65.857   66.359   0.4354  |    1      0/200
   72  24.00   0.058112  0.088551  |   65.944   66.417   0.4363  |    1      0/200
   73  24.33   0.058832  0.089041  |   66.031   66.477   0.4373  |    1      0/200
   74  24.67   0.059556  0.089704  |   66.119   66.537   0.4384  |    1      0/200
   75  25.00   0.060283  0.090051  |   66.207   66.597   0.4394  |    1      0/200
   76  25.33   0.061222  0.090397  |   66.295   66.659   0.4405  |    1      0/200
   77  25.67   0.062155  0.090894  |   66.383   66.721   0.4416  |    1      0/200
   78  26.00   0.062890  0.091102  |   66.472   66.784   0.4427  |    1      0/200
   79  26.33   0.089050  0.091548  |   66.561   66.875   0.4438  |    1      0/200
   80  26.67   0.089290  0.091796  |   66.651   66.967   0.4449  |    1      0/200
   81  27.00   0.089514  0.092131  |   66.740   67.059   0.4460  |    1      0/200
   82  27.33   0.089721  0.092462  |   66.830   67.151   0.4471  |    1      0/200
   83  27.67   0.089909  0.092785  |   66.920   67.244   0.4482  |    1      35/200
   84  28.00   0.090079  0.093100  |   67.010   67.337   0.4493  |    1      129/200
   85  28.33   0.090227  0.093406  |   67.100   67.431   0.4505  |    1      194/200
   86  28.67   0.090353  0.093704  |   67.190   67.524   0.4516  |    1      200/200
   87  29.00   0.090455  0.093992  |   67.281   67.618   0.4528  |    1      200/200
   88  29.33   0.090529  0.094270  |   67.371   67.713   0.4539  |    1      200/200
   89  29.67   0.090575  0.094538  |   67.462   67.807   0.4551  |    1      200/200
   90  30.00   0.090589  0.094796  |   67.553   67.902   0.4562  |    1      200/200
   91  30.33   0.090567  0.095042  |   67.643   67.997   0.4574  |    1      200/200
   92  30.67   0.090507  0.095277  |   67.734   68.092   0.4586  |    1      200/200
   93  31.00   0.089989  0.095499  |   67.824   68.188   0.4598  |    1      200/200
   94  31.33   0.090489  0.095709  |   67.914   68.284   0.4610  |    1      200/200
   95  31.67   0.090910  0.095904  |   68.005   68.379   0.4622  |    1      200/200
   96  32.00   0.091369  0.096085  |   68.097   68.476   0.4635  |    1      200/200
   97  32.33   0.091551  0.108348  |   68.190   68.572   0.4647  |    1      200/200
   98  32.67   0.092031  0.121734  |   68.284   68.677   0.4660  |    1      200/200
   99  33.00   0.090539  0.127974  |   68.378   68.797   0.4672  |    1      200/200
  100  33.33   0.086789  0.125343  |   68.473   68.887   0.4618  |    1      200/200
  101  33.67   0.082713  0.123743  |   68.568   69.004   0.4523  |    1      200/200
  102  34.00   0.077259  0.124294  |   68.691   69.084   0.4388  |    1      200/200
  103  34.33   0.078755  0.117324  |   68.782   69.191   0.4268  |    1      200/200
  104  34.67   0.073663  0.117240  |   68.899   69.270   0.4153  |    2      200/200
  105  35.00   0.075637  0.111505  |   68.988   69.367   0.4056  |    2      200/200
  106  35.33   0.077502  0.141116  |   69.100   69.465   0.3964  |    2      200/200

H3 (radial gain bounded below over the box, CONTACT substeps only): min gain 0.003976u at substep 19 -- POSITIVE throughout
H4 (box invariance), first contact 6 to the throw 86: pose spread about the centre 0.4330u -> 0.4516u -- the true dynamics EXPAND by 1.043x
every pose thrown: 200/200; latest throw substep 86

######## node nn/throw-audit/park-monotone.js 1 2 -1 1 0.1 120
box +-0.1u, +-0.248 deg, 120 poses, arm (2,-1), foot 1, 331 substeps, rim 67.167
centre thrown at substep 112

MONOTONE IN THE SUBSTEP: yes, for every pose over the whole sweep
first push over the box: substep 74; every pose thrown by substep 113

  k    deg    gain: min       max      |  radius: min      max     spread  |  regimes  thrown
   74  24.67   0.000000  0.047248  |   63.861   64.207   0.1732  |    2      0/120
   75  25.00   0.000000  0.093956  |   63.955   64.207   0.1742  |    2      0/120
   76  25.33   0.009939  0.093898  |   64.048   64.239   0.1737  |    1      0/120
   77  25.67   0.092545  0.093507  |   64.141   64.332   0.1733  |    1      0/120
   78  26.00   0.092043  0.093015  |   64.234   64.424   0.1728  |    1      0/120
   79  26.33   0.091523  0.092835  |   64.326   64.517   0.1725  |    1      0/120
   80  26.67   0.091290  0.092389  |   64.418   64.609   0.1727  |    1      0/120
   81  27.00   0.091086  0.091942  |   64.509   64.700   0.1730  |    1      0/120
   82  27.33   0.090642  0.091493  |   64.600   64.791   0.1732  |    1      0/120
   83  27.67   0.090198  0.091042  |   64.691   64.882   0.1735  |    1      0/120
   84  28.00   0.089752  0.090591  |   64.781   64.972   0.1737  |    1      0/120
   85  28.33   0.089304  0.090138  |   64.870   65.062   0.1740  |    1      0/120
   86  28.67   0.088854  0.089683  |   64.960   65.151   0.1742  |    1      0/120
   87  29.00   0.088403  0.089227  |   65.049   65.240   0.1745  |    1      0/120
   88  29.33   0.087950  0.088769  |   65.137   65.328   0.1747  |    1      0/120
   89  29.67   0.087496  0.088310  |   65.225   65.416   0.1750  |    1      0/120
   90  30.00   0.087041  0.087849  |   65.312   65.504   0.1752  |    1      0/120
   91  30.33   0.086584  0.087387  |   65.399   65.591   0.1755  |    1      0/120
   92  30.67   0.086125  0.086923  |   65.486   65.677   0.1757  |    1      0/120
   93  31.00   0.085665  0.086458  |   65.572   65.763   0.1760  |    1      0/120
   94  31.33   0.085204  0.085992  |   65.657   65.849   0.1762  |    1      0/120
   95  31.67   0.084741  0.085524  |   65.743   65.934   0.1764  |    1      0/120
   96  32.00   0.084277  0.085055  |   65.827   66.019   0.1767  |    1      0/120
   97  32.33   0.083812  0.084585  |   65.911   66.103   0.1769  |    1      0/120
   98  32.67   0.083345  0.084113  |   65.995   66.187   0.1772  |    1      0/120
   99  33.00   0.082877  0.083640  |   66.078   66.270   0.1774  |    1      0/120
  100  33.33   0.082407  0.083165  |   66.161   66.353   0.1777  |    1      0/120
  101  33.67   0.081937  0.082690  |   66.243   66.435   0.1779  |    1      0/120
  102  34.00   0.081464  0.082213  |   66.325   66.517   0.1781  |    1      0/120
  103  34.33   0.080991  0.081734  |   66.407   66.598   0.1784  |    1      0/120
  104  34.67   0.080517  0.081255  |   66.488   66.679   0.1786  |    1      0/120
  105  35.00   0.080041  0.080774  |   66.568   66.759   0.1788  |    1      0/120
  106  35.33   0.079564  0.080292  |   66.648   66.839   0.1791  |    1      0/120
  107  35.67   0.079085  0.079809  |   66.727   66.919   0.1793  |    1      0/120
  108  36.00   0.078606  0.079325  |   66.806   66.998   0.1796  |    1      0/120
  109  36.33   0.078125  0.078840  |   66.885   67.076   0.1798  |    1      0/120
  110  36.67   0.077644  0.078353  |   66.963   67.154   0.1800  |    1      0/120
  111  37.00   0.077161  0.078093  |   67.041   67.232   0.1807  |    1      37/120
  112  37.33   0.076369  0.077563  |   67.118   67.309   0.1808  |    1      95/120
  113  37.67   0.075815  0.076640  |   67.194   67.385   0.1811  |    1      120/120
  114  38.00   0.075256  0.075977  |   67.270   67.460   0.1813  |    1      120/120
  115  38.33   0.074695  0.075418  |   67.345   67.535   0.1816  |    1      120/120
  116  38.67   0.074134  0.074858  |   67.419   67.610   0.1819  |    1      120/120
  117  39.00   0.073572  0.074297  |   67.493   67.683   0.1821  |    1      120/120
  118  39.33   0.073009  0.073735  |   67.567   67.757   0.1824  |    1      120/120
  119  39.67   0.071062  0.073172  |   67.640   67.828   0.1822  |    1      120/120
  120  40.00   0.070564  0.072609  |   67.712   67.901   0.1823  |    1      120/120
  121  40.33   0.070631  0.072029  |   67.783   67.972   0.1825  |    1      120/120
  122  40.67   0.070838  0.071508  |   67.854   68.043   0.1828  |    1      120/120
  123  41.00   0.070320  0.070990  |   67.925   68.114   0.1830  |    1      120/120
  124  41.33   0.069801  0.070472  |   67.995   68.184   0.1832  |    1      120/120
  125  41.67   0.069283  0.069953  |   68.065   68.254   0.1834  |    1      120/120
  126  42.00   0.068764  0.069435  |   68.134   68.323   0.1837  |    1      120/120
  127  42.33   0.068245  0.068916  |   68.203   68.391   0.1839  |    1      120/120
  128  42.67   0.067726  0.068397  |   68.271   68.459   0.1841  |    1      120/120
  129  43.00   0.067207  0.067878  |   68.338   68.527   0.1843  |    1      120/120
  130  43.33   0.066688  0.067359  |   68.405   68.595   0.1846  |    1      120/120
  131  43.67   0.066168  0.066840  |   68.471   68.661   0.1848  |    1      120/120
  132  44.00   0.065650  0.066321  |   68.536   68.728   0.1850  |    1      120/120
  133  44.33   0.065131  0.065802  |   68.602   68.793   0.1852  |    1      120/120

H3 (radial gain bounded below over the box, CONTACT substeps only): min gain 0.003486u at substep 210 -- POSITIVE throughout
H4 (box invariance), first contact 74 to the throw 113: pose spread about the centre 0.1732u -> 0.1811u -- the true dynamics EXPAND by 1.045x
every pose thrown: 120/120; latest throw substep 113

